1	9	9
2	11	52
2	11	51
1	9	7
2	11	50
1	9	8
1	9	5
2	11	45
2	10	55
1	9	6
2	11	44
2	10	54
1	9	3
2	10	53
1	9	4
2	10	52
2	11	49
1	9	1
1	9	2
2	11	48
2	10	58
2	11	47
2	10	57
2	11	46
2	10	56
1	8	8
2	12	53
1	8	9
2	12	52
1	8	6
2	12	51
1	8	7
2	12	50
1	8	4
2	12	46
2	11	56
1	8	5
2	12	45
2	11	55
1	8	2
2	12	44
2	11	54
1	8	3
2	11	53
2	12	49
1	8	1
2	12	48
2	11	58
2	12	47
2	11	57
1	7	9
1	7	7
1	7	8
1	7	5
1	7	6
1	7	3
1	7	4
1	7	1
1	7	2
1	6	8
1	6	9
1	6	6
2	10	51
1	6	7
2	10	50
1	6	4
1	6	5
2	10	49
1	6	2
2	10	44
1	6	3
1	6	1
2	10	48
2	10	47
2	10	46
2	10	45
1	5	9
1	5	7
1	5	8
1	5	5
1	5	6
1	5	3
1	5	4
1	5	1
1	5	2
1	4	8
1	4	9
1	4	6
1	4	7
1	4	4
1	4	5
1	4	2
1	4	3
1	4	1
1	3	7
1	3	8
1	3	5
1	3	6
1	3	3
1	3	4
1	3	1
1	3	2
3	11	20
3	10	30
1	3	9
3	10	25
3	10	24
3	11	17
3	10	27
3	11	16
3	10	26
3	10	21
3	10	20
3	10	23
3	10	22
3	11	19
3	10	29
3	11	18
3	10	28
1	2	6
1	2	7
1	2	4
1	2	5
1	2	2
1	2	3
1	2	1
1	2	8
1	2	9
3	10	16
3	10	18
3	10	17
3	10	19
1	1	5
1	1	6
1	1	3
1	1	4
1	1	1
1	1	2
4	9	10
4	9	11
4	9	12
4	9	13
4	9	14
1	1	9
4	9	15
1	1	7
1	1	8
4	8	10
5	1	22
5	2	13
4	8	11
5	1	23
4	8	12
5	1	20
4	8	13
5	1	21
4	8	14
4	8	15
5	1	19
5	1	17
5	1	18
5	1	15
5	1	16
5	1	13
5	1	14
4	7	10
4	7	11
4	7	12
4	7	13
4	7	14
4	7	15
4	6	10
4	6	11
4	6	12
4	6	13
4	6	14
4	6	15
5	3	71
5	4	61
4	35	13
5	5	51
5	6	41
5	7	31
5	8	21
5	2	81
5	5	52
5	4	62
4	35	12
5	6	42
5	7	32
5	8	22
5	2	82
5	3	72
5	3	70
5	4	60
5	5	50
5	6	40
5	7	30
5	8	20
5	2	80
5	4	69
5	5	59
5	6	49
5	7	39
5	8	29
5	3	79
5	4	67
5	5	57
5	2	87
5	6	47
5	7	37
5	8	27
5	3	77
5	4	68
5	5	58
5	6	48
5	7	38
5	8	28
5	3	78
5	4	65
5	5	55
5	6	45
5	7	35
5	8	25
5	2	85
5	3	75
5	4	66
5	5	56
5	6	46
5	7	36
5	8	26
5	2	86
5	3	76
5	4	63
5	5	53
5	6	43
5	7	33
5	8	23
5	2	83
5	3	73
5	8	24
5	4	64
5	5	54
5	6	44
4	1	10
5	7	34
5	2	84
5	3	74
6	42	10
6	40	30
6	41	20
6	42	11
6	40	31
6	41	21
6	42	12
6	40	32
6	41	22
6	42	13
6	40	33
6	41	23
6	42	14
6	40	34
6	41	24
6	42	15
6	40	35
6	41	25
6	42	16
6	40	36
6	41	26
6	42	17
6	40	37
6	41	27
6	40	38
6	41	28
6	42	18
6	40	39
6	41	29
6	42	19
4	35	11
4	35	10
5	5	62
5	6	52
4	34	12
5	7	42
5	8	32
5	9	22
5	3	82
5	4	72
5	5	63
5	6	53
4	34	11
5	7	43
5	8	33
5	9	23
5	3	83
5	4	73
5	6	50
5	4	70
5	5	60
4	34	14
5	7	40
5	8	30
5	9	20
5	3	80
5	5	61
5	4	71
4	34	13
5	6	51
5	7	41
5	8	31
5	9	21
5	3	81
5	5	68
5	6	58
5	7	48
5	8	38
5	9	28
5	4	78
5	5	69
5	6	59
5	7	49
5	8	39
5	9	29
5	4	79
5	5	66
5	6	56
5	7	46
5	8	36
5	9	26
5	3	86
5	4	76
5	5	67
5	6	57
5	3	87
5	7	47
5	8	37
5	9	27
5	4	77
5	5	64
5	6	54
5	7	44
5	8	34
5	9	24
5	3	84
5	4	74
5	5	65
5	6	55
5	7	45
5	8	35
5	9	25
5	3	85
5	4	75
6	43	10
6	40	40
6	41	30
6	42	20
6	43	11
6	40	41
6	41	31
6	42	21
6	43	12
6	40	42
6	41	32
6	42	22
6	43	13
6	40	43
6	41	33
6	42	23
6	43	14
6	40	44
6	41	34
6	42	24
6	43	15
6	40	45
6	41	35
6	43	16
6	40	46
6	41	36
6	43	17
6	40	47
6	41	37
6	40	48
6	41	38
6	43	18
6	40	49
6	41	39
6	43	19
4	34	10
4	33	11
5	1	70
5	2	60
5	3	50
4	33	10
5	4	40
5	5	30
5	6	20
4	33	13
4	33	12
4	33	14
5	2	67
5	3	57
5	4	47
5	5	37
5	6	27
5	7	17
5	1	77
5	2	68
5	3	58
5	4	48
5	5	38
5	6	28
5	7	18
5	1	78
5	2	65
5	3	55
5	4	45
5	5	35
5	6	25
5	7	15
5	1	75
5	2	66
5	3	56
5	4	46
5	5	36
5	6	26
5	7	16
5	1	76
5	7	13
5	2	63
5	3	53
5	4	43
5	5	33
5	6	23
5	1	73
5	7	14
5	2	64
5	3	54
5	4	44
5	5	34
5	6	24
5	1	74
5	1	71
5	2	61
5	3	51
5	4	41
5	5	31
5	6	21
5	7	12
5	2	62
5	3	52
5	4	42
5	5	32
5	6	22
5	1	72
6	40	50
6	41	40
6	43	20
6	40	51
6	41	41
6	43	21
6	40	52
6	41	42
6	43	22
6	40	53
6	41	43
6	43	23
6	40	54
6	41	44
6	41	45
5	1	68
5	2	58
6	41	46
5	3	48
5	4	38
5	5	28
5	6	18
5	1	69
5	2	59
6	41	47
5	3	49
5	4	39
5	5	29
5	6	19
6	41	48
6	43	28
6	41	49
6	43	29
5	4	50
5	2	70
5	3	60
4	32	10
5	5	40
5	6	30
5	7	20
5	1	80
5	2	71
5	3	61
5	4	51
5	5	41
5	6	31
5	7	21
5	1	81
4	32	12
4	32	11
4	32	14
4	32	13
4	32	15
5	3	68
5	4	58
5	5	48
5	6	38
5	7	28
5	8	18
5	2	78
5	3	69
5	4	59
5	5	49
5	6	39
5	7	29
5	8	19
5	2	79
5	4	56
5	3	66
5	5	46
5	6	36
5	7	26
5	8	16
5	1	86
5	2	76
5	4	57
5	3	67
5	5	47
5	6	37
5	7	27
5	8	17
5	1	87
5	2	77
5	3	64
5	8	14
5	4	54
5	5	44
5	6	34
5	7	24
5	1	84
5	2	74
5	5	45
5	3	65
5	4	55
5	6	35
5	7	25
5	8	15
5	1	85
5	2	75
5	8	12
5	3	62
5	4	52
5	5	42
5	6	32
5	7	22
5	1	82
5	2	72
5	1	83
5	4	53
6	41	50
5	5	43
5	3	63
6	43	30
5	6	33
5	7	23
5	2	73
5	8	13
6	41	51
6	42	41
6	43	31
6	41	52
6	42	42
6	43	32
6	41	53
6	42	43
6	43	33
6	42	44
6	43	34
6	42	45
6	43	35
6	42	46
6	43	36
5	4	49
5	3	59
6	42	47
6	43	37
5	5	39
5	6	29
5	7	19
5	1	79
5	2	69
6	42	48
6	43	38
6	42	49
6	43	39
5	1	55
5	2	45
5	3	35
5	4	25
5	5	15
5	1	56
5	2	46
5	3	36
5	4	26
5	5	16
5	5	13
5	1	53
5	2	43
5	3	33
5	4	23
5	5	14
5	1	54
4	5	10
5	2	44
5	3	34
5	4	24
5	1	51
4	5	11
5	2	41
5	3	31
5	4	21
5	5	12
5	1	52
4	5	12
5	2	42
5	3	32
5	4	22
4	5	13
5	1	50
5	2	40
5	3	30
5	4	20
5	1	48
5	2	38
5	3	28
5	4	18
5	1	49
5	2	39
5	3	29
5	4	19
5	1	46
5	2	36
5	3	26
5	4	16
5	1	47
5	2	37
5	3	27
5	4	17
4	39	11
4	39	10
4	39	12
5	1	66
5	2	56
5	3	46
5	4	36
5	5	26
5	6	16
5	1	67
5	2	57
5	3	47
5	4	37
5	5	27
5	6	17
5	6	14
5	1	64
5	2	54
5	3	44
5	4	34
5	5	24
5	1	65
5	2	55
5	3	45
5	4	35
5	5	25
5	6	15
5	6	12
5	1	62
5	2	52
4	4	10
5	3	42
5	4	32
5	5	22
5	6	13
5	1	63
5	2	53
4	4	11
5	3	43
5	4	33
5	5	23
5	1	60
5	2	50
4	4	12
5	3	40
5	4	30
5	5	20
5	1	61
4	4	13
5	2	51
5	3	41
5	4	31
5	5	21
4	3	13
5	1	59
5	2	49
5	3	39
5	4	29
5	5	19
5	1	57
5	2	47
5	3	37
5	4	27
5	5	17
5	1	58
5	2	48
5	3	38
5	4	28
5	5	18
4	38	10
4	38	12
4	38	11
7	44	73
7	44	72
7	44	71
7	44	70
7	44	77
7	44	76
7	44	75
7	44	74
5	3	13
5	1	33
5	2	23
5	3	14
5	1	34
5	2	24
5	1	31
5	2	21
5	1	32
5	2	22
4	3	10
5	1	30
5	2	20
4	3	11
4	3	12
4	2	12
4	2	13
5	1	28
5	2	18
5	1	29
5	2	19
6	40	10
5	1	26
5	2	16
6	40	11
5	1	27
5	2	17
5	2	14
6	40	12
5	1	24
5	2	15
6	40	13
5	1	25
6	40	14
6	40	15
7	44	69
6	40	16
7	44	68
6	40	17
7	44	67
4	37	11
6	40	18
4	37	10
6	40	19
4	37	13
4	37	12
7	44	84
4	36	13
7	44	83
7	44	82
7	44	81
7	44	86
7	44	85
5	4	14
5	1	44
5	2	34
5	3	24
5	1	45
5	2	35
5	3	25
5	4	15
5	1	42
5	2	32
5	3	22
5	4	13
5	1	43
5	2	33
5	3	23
5	1	40
5	2	30
7	44	80
5	3	20
5	1	41
5	2	31
5	3	21
4	2	10
4	2	11
4	1	11
4	1	12
5	1	39
5	2	29
5	3	19
6	41	10
6	40	20
6	41	11
5	1	37
6	40	21
5	2	27
5	3	17
6	41	12
5	1	38
6	40	22
5	2	28
5	3	18
5	3	15
6	41	13
6	40	23
5	1	35
5	2	25
6	41	14
5	1	36
6	40	24
5	2	26
5	3	16
6	41	15
6	40	25
6	41	16
6	40	26
6	41	17
6	40	27
7	44	79
6	40	28
6	41	18
7	44	78
4	36	10
6	40	29
6	41	19
4	36	12
4	36	11
5	8	80
5	8	65
5	9	55
5	7	75
5	8	66
5	7	76
5	8	63
5	9	53
4	31	11
5	7	73
5	8	64
5	9	54
4	31	10
5	7	74
5	7	71
5	8	61
5	9	51
4	31	13
5	8	62
5	9	52
4	31	12
5	7	72
4	31	15
5	7	70
5	8	60
5	9	50
4	31	14
5	6	80
5	8	69
5	7	79
5	8	67
6	42	50
6	43	40
5	7	77
5	8	68
6	42	51
6	43	41
5	7	78
6	42	52
6	43	42
6	42	53
6	43	43
6	42	54
6	42	55
6	42	56
5	8	76
5	8	77
4	30	10
5	8	74
5	8	75
4	30	12
5	8	72
4	30	11
5	8	73
5	8	70
4	30	14
5	7	80
4	30	13
5	8	71
4	30	15
5	8	78
5	8	79
5	6	63
5	7	53
5	8	43
5	9	33
5	4	83
5	5	73
5	6	64
5	7	54
5	8	44
5	9	34
5	4	84
5	5	74
5	5	71
5	6	61
5	7	51
5	8	41
5	9	31
5	4	81
5	6	62
5	7	52
5	8	42
5	9	32
5	4	82
5	5	72
5	5	70
5	6	60
5	7	50
5	8	40
5	9	30
5	4	80
5	6	69
5	7	59
5	8	49
5	9	39
5	5	79
5	6	67
5	7	57
5	4	87
5	8	47
5	9	37
5	5	77
5	6	68
5	7	58
5	8	48
5	9	38
5	5	78
5	6	65
5	7	55
5	8	45
5	9	35
5	4	85
5	5	75
5	6	66
5	7	56
5	8	46
5	9	36
5	4	86
5	5	76
5	7	64
5	8	54
5	9	44
5	6	74
5	7	65
5	8	55
5	9	45
5	6	75
5	7	62
5	8	52
5	9	42
5	6	72
5	7	63
5	8	53
5	9	43
5	6	73
5	6	70
5	7	60
5	8	50
5	9	40
5	5	80
5	6	71
5	7	61
5	8	51
5	9	41
5	7	68
5	8	58
5	9	48
5	6	78
5	7	69
5	8	59
5	9	49
5	6	79
5	7	66
5	8	56
5	9	46
5	6	76
5	7	67
5	8	57
5	9	47
5	6	77
8	13	0
8	12	0
8	11	0
8	10	0
3	21	14
3	20	24
3	20	23
3	21	16
3	20	26
3	21	15
3	20	25
3	20	20
3	20	22
3	20	21
3	21	18
3	20	28
3	21	17
3	20	27
3	21	19
3	20	29
9	3	32
9	3	30
9	3	31
3	20	19
3	20	18
3	23	21
3	22	31
3	21	41
3	22	30
3	23	20
3	21	40
10	9	0
3	23	16
9	3	21
3	20	46
3	22	26
3	21	36
9	3	22
3	20	45
3	21	35
3	22	25
3	23	18
3	20	48
3	22	28
3	21	38
3	23	17
9	3	20
3	20	47
3	21	37
3	22	27
3	22	22
3	21	32
9	3	25
3	20	42
3	22	21
3	21	31
9	3	26
3	20	41
9	3	23
3	20	44
3	22	24
3	21	34
9	3	24
3	20	43
3	22	23
3	21	33
9	3	29
9	3	27
9	3	28
3	23	19
3	20	49
3	22	29
3	21	39
3	21	30
3	22	20
3	20	40
10	8	0
3	22	15
9	2	20
9	3	10
3	20	35
3	21	25
9	2	21
9	3	11
3	21	24
3	20	34
3	22	17
3	20	37
3	21	27
3	22	16
3	21	26
3	20	36
3	21	21
3	20	31
9	3	14
3	20	30
3	21	20
9	3	15
9	3	12
3	21	23
3	20	33
3	21	22
3	20	32
9	3	13
9	3	18
9	3	19
9	3	16
9	3	17
3	22	19
3	21	29
3	20	39
3	22	18
3	21	28
3	20	38
10	7	0
9	2	10
9	2	13
9	2	14
9	2	11
9	2	12
9	2	17
9	2	18
9	2	15
9	2	16
9	2	19
10	6	0
9	1	12
9	1	13
9	1	10
9	1	11
9	1	16
9	1	17
9	1	14
9	1	15
10	5	0
10	4	0
10	3	0
10	2	0
10	1	0
8	15	0
8	14	0
3	19	40
3	19	42
3	19	41
3	19	48
3	19	47
3	19	49
3	19	44
3	19	43
3	19	46
3	19	45
3	19	31
3	18	41
3	19	30
3	18	40
3	18	47
3	19	37
3	18	46
3	19	36
3	18	49
3	19	39
3	18	48
3	19	38
3	18	43
3	19	33
3	19	32
3	18	42
3	18	45
3	19	35
3	18	44
3	19	34
3	17	49
3	19	29
3	18	39
1	17	22
1	17	21
1	17	20
1	17	19
1	17	18
1	17	17
1	17	16
1	17	15
1	17	14
1	17	13
1	17	12
1	16	21
1	17	11
1	16	20
1	17	10
1	16	19
1	16	18
1	16	17
1	16	16
1	16	15
1	15	24
1	16	14
11	1	10
1	15	23
1	16	13
1	15	22
1	16	12
1	15	21
1	16	11
1	15	20
1	16	10
1	15	19
1	15	18
1	15	17
1	15	16
1	15	15
1	14	24
1	15	14
1	14	23
1	15	13
1	14	22
1	15	12
1	14	21
1	15	11
1	14	20
1	15	10
1	14	19
1	14	18
12	1	99
12	2	89
1	14	17
1	14	16
1	13	25
1	14	15
1	13	24
1	14	14
1	13	23
1	14	13
1	13	22
1	14	12
12	1	90
1	13	21
1	14	11
12	1	92
1	13	20
1	14	10
12	1	91
12	1	94
12	1	93
12	1	96
12	1	95
12	1	98
12	2	88
12	1	97
1	13	18
12	1	89
1	13	17
12	1	88
1	13	16
1	13	15
1	13	14
1	13	13
1	13	12
1	13	11
1	13	19
1	13	10
1	12	17
1	12	16
1	12	15
1	12	14
1	12	13
1	12	12
1	12	11
1	12	10
11	3	29
3	13	20
3	11	40
3	12	30
11	3	28
3	13	22
3	12	32
3	11	42
3	13	21
3	12	31
3	11	41
11	3	25
11	3	24
1	12	19
11	3	27
1	12	18
11	3	26
11	3	32
3	13	17
3	12	27
3	11	37
11	3	31
3	13	16
3	12	26
3	11	36
3	13	19
3	12	29
3	11	39
3	13	18
3	12	28
3	11	38
12	3	90
3	11	33
3	12	23
3	10	43
3	12	22
3	11	32
3	10	42
11	3	30
12	3	92
3	11	35
3	12	25
12	3	91
3	12	24
3	11	34
12	3	94
12	3	93
12	3	96
12	3	95
12	3	98
12	4	88
12	3	97
12	3	99
12	4	89
1	11	16
1	11	15
1	11	14
1	11	13
1	11	12
1	11	11
1	11	10
11	3	18
11	3	17
3	12	21
3	11	31
3	10	41
11	3	19
3	12	20
3	10	40
3	11	30
11	3	14
1	11	19
11	3	13
1	11	18
11	3	16
1	11	17
11	3	15
11	3	21
3	12	16
3	11	26
3	10	36
11	3	20
3	10	35
3	11	25
11	3	23
3	12	18
3	11	28
3	10	38
11	3	22
3	12	17
3	11	27
3	10	37
3	11	22
3	10	32
3	11	21
3	10	31
12	2	91
3	11	24
3	10	34
12	2	90
3	10	33
3	11	23
12	2	93
12	2	92
12	2	95
12	2	94
12	2	97
12	2	96
3	12	19
3	11	29
3	10	39
12	2	99
12	3	89
12	2	98
12	3	88
1	10	15
1	10	14
1	10	13
1	10	12
1	10	11
1	10	10
11	2	17
3	15	22
3	14	32
3	13	42
11	2	16
3	15	21
3	14	31
3	13	41
11	2	19
3	15	24
3	14	34
11	2	18
3	14	33
3	15	23
3	13	43
1	10	19
11	2	13
1	10	18
11	2	12
1	10	17
11	2	15
3	15	20
3	13	40
3	14	30
11	2	14
1	10	16
11	2	20
11	3	10
3	15	19
3	14	29
3	13	39
3	15	18
3	14	28
3	13	38
11	3	12
12	5	90
11	2	21
11	3	11
12	6	82
3	13	35
3	14	25
12	5	91
12	6	81
3	14	24
3	13	34
12	6	84
3	14	27
3	13	37
12	6	83
3	14	26
3	13	36
12	9	56
12	6	86
12	6	85
12	9	58
12	6	88
12	9	57
12	6	87
12	9	59
12	6	89
11	1	16
3	14	21
3	13	31
3	12	41
11	1	15
3	14	20
3	12	40
3	13	30
3	13	33
3	14	23
3	12	43
11	1	17
3	14	22
3	13	32
3	12	42
11	1	12
11	1	11
11	1	14
11	1	13
3	14	18
3	13	28
3	12	38
3	13	27
3	12	37
11	2	11
11	2	10
3	14	19
3	13	29
3	12	39
12	4	91
12	5	81
3	13	24
3	12	34
12	4	90
3	12	33
3	13	23
3	11	43
12	4	93
12	5	83
3	13	26
3	12	36
12	4	92
12	5	82
3	12	35
3	13	25
12	4	95
12	5	85
12	4	94
12	5	84
12	4	97
12	5	87
12	4	96
12	5	86
12	4	99
12	5	89
12	4	98
12	5	88
3	15	44
3	17	24
3	16	34
3	16	33
3	15	43
3	17	23
3	15	46
3	17	26
3	16	36
3	15	45
3	16	35
3	17	25
3	17	20
3	15	40
3	16	30
3	17	22
3	16	32
3	15	42
3	17	21
3	16	31
3	15	41
12	9	70
12	7	90
12	9	72
12	8	82
12	9	71
12	7	91
12	8	81
12	9	74
12	8	84
3	14	47
3	16	27
3	15	37
12	9	73
12	8	83
3	14	46
3	16	26
3	15	36
12	8	86
3	17	19
3	14	49
3	16	29
3	15	39
12	8	85
3	17	18
3	14	48
3	16	28
3	15	38
12	8	88
12	8	87
12	8	89
3	15	33
3	16	23
3	14	43
3	16	22
3	15	32
3	14	42
3	14	45
3	15	35
3	16	25
3	14	44
3	16	24
3	15	34
3	16	21
3	15	31
3	14	41
3	16	20
3	14	40
3	15	30
3	16	19
3	15	29
3	14	39
12	9	61
12	6	91
12	7	81
12	9	60
12	6	90
12	9	63
12	7	83
3	15	26
3	14	36
12	9	62
12	7	82
3	14	35
3	15	25
12	9	65
12	7	85
3	16	18
3	15	28
3	14	38
12	9	64
12	7	84
3	15	27
3	14	37
12	9	67
12	7	87
12	9	66
12	7	86
12	9	69
12	7	89
12	9	68
12	7	88
3	18	30
3	19	20
3	17	40
3	17	46
3	19	26
3	18	36
3	17	45
3	18	35
3	19	25
3	17	48
3	19	28
3	18	38
3	17	47
3	19	27
3	18	37
3	19	22
3	18	32
3	17	42
3	19	21
3	18	31
3	17	41
3	17	44
3	19	24
3	18	34
3	18	33
3	17	43
3	19	23
3	19	19
3	16	49
3	18	29
3	17	39
3	19	18
3	16	48
3	18	28
3	17	38
4	40	11
4	40	10
3	16	45
3	17	35
3	18	25
3	16	44
3	18	24
3	17	34
3	16	47
3	18	27
3	17	37
3	16	46
3	18	26
3	17	36
3	18	21
3	17	31
3	16	41
3	18	20
3	16	40
3	17	30
3	17	33
3	16	43
3	18	23
3	18	22
3	17	32
3	16	42
12	8	91
12	8	90
3	18	18
3	15	48
3	17	28
3	16	38
3	15	47
3	17	27
3	16	37
3	18	19
3	15	49
3	17	29
3	16	39
5	10	29
5	10	28
5	10	27
5	10	26
5	10	25
5	10	24
5	10	23
5	10	22
5	10	21
5	10	20
5	10	39
5	11	29
11	3	1
5	10	38
5	11	28
5	10	37
5	11	27
5	10	36
5	11	26
5	10	35
5	11	25
5	10	34
5	11	24
5	10	33
5	11	23
11	3	7
5	10	32
5	11	22
11	3	6
5	10	31
5	11	21
11	3	9
5	10	30
5	11	20
11	3	8
11	3	3
11	3	2
11	3	5
11	3	4
11	2	9
11	2	6
11	2	5
11	2	8
11	2	7
11	2	2
11	2	1
11	2	4
11	2	3
11	1	9
11	1	8
11	1	5
11	1	4
11	1	7
11	1	6
11	1	1
11	1	3
11	1	2
5	13	71
5	14	61
5	17	31
5	13	70
5	14	60
5	17	30
5	14	69
5	15	59
5	16	49
5	17	39
5	14	68
5	15	58
5	16	48
5	17	38
5	14	67
5	15	57
5	16	47
5	17	37
5	14	66
5	15	56
5	16	46
5	17	36
5	14	65
5	15	55
5	17	35
5	14	64
5	15	54
5	17	34
5	14	63
5	15	53
5	17	33
5	13	73
5	14	62
5	15	52
5	17	32
5	13	72
5	15	62
5	16	52
5	15	61
5	16	51
5	17	41
5	14	70
5	15	60
5	16	50
5	17	40
5	15	69
5	16	59
5	17	49
5	15	68
5	16	58
5	17	48
5	15	67
5	16	57
5	15	66
5	16	56
5	15	65
5	16	55
5	15	64
5	16	54
5	15	63
5	16	53
5	13	59
5	14	49
5	15	39
5	16	29
5	13	58
5	14	48
5	15	38
5	16	28
5	13	57
5	14	47
5	15	37
5	16	27
5	13	56
5	14	46
5	15	36
5	16	26
5	13	55
5	14	45
5	15	35
5	16	25
5	13	54
5	14	44
5	15	34
5	16	24
5	13	53
5	14	43
5	15	33
5	16	23
5	13	52
5	14	42
5	15	32
5	16	22
5	13	51
5	14	41
5	15	31
5	13	50
5	14	40
5	15	30
5	13	69
5	14	59
5	16	39
5	17	29
5	13	60
5	14	50
5	15	40
5	16	30
5	13	68
5	14	58
5	16	38
5	17	28
5	13	67
5	14	57
5	16	37
5	17	27
5	13	66
5	14	56
5	16	36
5	17	26
5	13	65
5	14	55
5	16	35
5	17	25
5	13	64
5	14	54
5	16	34
5	17	24
5	13	63
5	14	53
5	15	43
5	16	33
5	17	23
5	13	62
5	14	52
5	15	42
5	16	32
5	13	61
5	14	51
5	15	41
5	16	31
13	12	5
13	12	6
13	12	7
13	12	8
13	12	9
5	12	49
5	13	39
5	14	29
5	12	48
5	13	38
5	14	28
5	12	47
5	13	37
5	14	27
5	12	46
5	13	36
5	14	26
13	12	1
13	12	2
13	12	3
13	12	4
5	11	55
5	12	45
5	13	35
5	14	25
5	11	54
5	12	44
5	13	34
5	11	53
5	12	43
5	13	33
5	11	52
5	12	42
5	13	32
5	11	51
5	12	41
5	13	31
5	11	50
5	12	40
5	13	30
13	11	4
13	11	5
13	11	6
13	11	7
13	11	8
5	13	49
5	14	39
5	15	29
5	13	48
5	14	38
5	15	28
5	13	47
5	14	37
5	15	27
13	11	1
13	11	2
13	11	3
5	13	46
5	14	36
5	15	26
5	12	55
5	13	45
5	14	35
5	15	25
5	12	54
5	13	44
5	14	34
5	12	53
5	13	43
5	14	33
5	12	52
5	13	42
5	14	32
5	12	51
5	13	41
5	14	31
5	12	50
5	13	40
5	14	30
13	10	3
13	10	4
5	10	49
13	10	5
5	11	39
5	12	29
5	10	48
13	10	6
5	11	38
5	12	28
13	10	7
5	10	47
5	11	37
5	12	27
13	10	8
5	10	46
5	11	36
5	12	26
13	10	9
5	10	45
5	11	35
5	12	25
5	10	44
5	11	34
5	12	24
13	10	1
13	10	2
5	10	43
5	11	33
5	12	23
5	10	42
5	11	32
5	12	22
5	10	41
5	11	31
5	12	21
5	10	40
5	11	30
5	12	20
5	11	49
5	12	39
5	13	29
5	11	48
5	12	38
5	13	28
5	11	47
5	12	37
5	13	27
5	11	46
5	12	36
5	13	26
5	10	55
5	11	45
5	12	35
5	10	54
5	11	44
5	12	34
5	10	53
5	11	43
5	12	33
5	10	52
5	11	42
5	12	32
5	10	51
5	11	41
5	12	31
5	10	50
5	11	40
5	12	30
13	16	9
13	16	1
13	16	2
13	16	3
13	16	4
13	16	5
13	16	6
13	16	7
13	16	8
13	17	1
13	15	8
13	15	9
13	15	1
13	15	2
13	15	3
13	15	4
13	15	5
13	15	6
13	15	7
13	14	7
13	14	8
13	14	9
13	14	1
13	14	2
13	14	3
13	14	4
13	14	5
13	14	6
13	13	6
13	13	7
13	13	8
13	13	9
13	13	1
13	13	2
13	13	3
13	13	4
13	13	5
13	19	4
13	19	5
13	19	6
13	19	7
13	19	8
13	19	9
13	18	3
13	18	4
13	18	5
13	18	6
13	18	7
13	18	8
13	18	9
5	16	63
5	17	53
5	16	62
5	17	52
5	16	61
5	17	51
5	15	70
5	16	60
5	17	50
13	19	1
13	19	2
13	19	3
5	17	59
5	17	58
5	17	57
5	17	56
5	17	55
5	17	54
13	17	2
13	17	3
13	17	4
13	17	5
13	17	6
13	17	7
13	17	8
13	17	9
5	17	64
5	17	63
5	17	62
5	17	61
5	17	60
13	18	1
13	18	2
5	17	66
5	17	65
8	2	0
8	1	0
8	9	0
8	8	0
10	15	0
8	7	0
10	14	0
8	6	0
10	13	0
8	5	0
10	12	0
8	4	0
10	11	0
8	3	0
10	10	0
13	20	2
13	20	3
13	20	4
13	20	5
13	20	6
13	20	7
13	20	8
13	20	9
13	20	1
1	9	18
1	9	19
1	9	16
1	9	17
1	9	14
1	9	15
1	9	12
1	9	13
1	9	10
1	9	11
12	10	70
12	11	60
12	10	73
12	11	63
1	8	11
12	10	74
12	11	64
12	10	71
12	11	61
12	10	72
12	11	62
1	8	10
12	10	66
12	11	56
12	10	67
12	11	57
12	10	64
12	10	65
12	10	68
12	11	58
12	10	69
12	11	59
12	10	62
1	7	10
12	10	63
1	7	11
12	10	60
12	10	61
12	10	56
12	10	59
12	10	57
12	10	58
13	24	6
13	24	7
13	24	8
13	24	9
12	12	71
12	12	72
1	6	11
12	12	70
13	24	1
13	24	2
13	24	3
1	6	10
12	12	73
13	24	4
12	12	74
13	24	5
12	12	68
12	12	69
12	12	66
12	12	67
13	23	5
13	23	6
13	23	7
13	23	8
13	23	9
12	11	70
12	12	60
12	11	71
12	12	61
1	5	10
1	5	11
12	11	74
12	12	64
13	23	1
12	12	65
13	23	2
12	11	72
12	12	62
13	23	3
12	11	73
12	12	63
13	23	4
12	11	67
12	12	57
12	11	68
12	12	58
12	11	65
12	11	66
12	12	56
12	11	69
12	12	59
13	22	4
13	22	5
13	22	6
13	22	7
13	22	8
13	22	9
12	13	80
12	14	73
1	4	11
12	13	83
12	14	74
1	4	12
12	13	84
12	14	71
12	13	81
12	14	72
1	4	10
12	13	82
12	13	87
12	14	77
13	22	1
12	13	88
12	14	78
12	14	75
13	22	2
12	13	85
13	22	3
12	13	86
12	14	76
12	13	78
12	13	79
1	3	12
13	21	3
13	21	4
13	21	5
13	21	6
13	21	7
13	21	8
13	21	9
1	3	10
1	3	11
12	13	76
12	13	77
12	13	74
13	21	1
12	13	75
13	21	2
1	2	11
1	2	12
12	16	71
12	14	91
12	15	81
12	16	72
12	14	92
12	15	82
12	16	70
12	14	90
12	15	80
13	28	2
12	15	85
12	16	75
13	28	3
1	2	10
12	15	86
12	16	76
12	16	73
13	28	4
12	14	93
12	15	83
12	16	74
13	28	5
12	14	94
12	15	84
12	17	69
13	28	6
12	15	89
12	16	79
13	28	7
12	17	67
13	28	8
12	15	87
12	16	77
12	17	68
13	28	9
12	15	88
12	16	78
1	1	12
1	1	10
13	29	1
13	29	2
1	1	11
13	27	9
12	13	90
12	14	80
12	15	71
12	13	91
12	14	81
12	15	74
12	16	64
13	27	1
12	13	94
12	14	84
12	16	65
12	14	85
13	27	2
12	13	95
12	15	75
12	15	72
13	27	3
12	13	92
12	14	82
12	15	73
13	27	4
12	13	93
12	14	83
12	16	68
13	27	5
12	13	98
12	14	88
12	15	78
12	16	69
13	27	6
12	14	89
12	15	79
12	16	66
13	27	7
12	13	96
12	14	86
12	15	76
12	16	67
13	27	8
12	13	97
12	14	87
12	15	77
12	13	89
12	14	79
13	28	1
13	26	8
13	26	9
12	17	80
12	17	83
12	17	84
12	17	81
12	17	82
12	17	87
13	26	1
12	17	88
13	26	2
12	17	85
13	26	3
12	17	86
13	26	4
13	26	5
13	26	6
13	26	7
13	25	7
13	25	8
13	25	9
12	17	72
12	15	92
12	16	82
12	17	73
12	15	93
12	16	83
12	17	70
12	15	90
12	16	80
12	17	71
12	15	91
12	16	81
12	17	76
12	17	77
12	17	74
13	25	1
12	15	94
12	16	84
13	25	2
12	17	75
13	25	3
13	25	4
13	25	5
12	17	78
13	25	6
12	17	79
13	29	3
13	29	4
13	29	5
13	29	6
13	29	7
13	29	8
13	29	9
4	10	1
4	10	3
4	10	2
4	10	5
4	10	4
4	10	7
4	10	6
4	10	9
4	10	8
4	15	2
4	15	1
4	14	3
4	14	2
4	14	5
4	14	4
4	14	7
4	14	6
4	14	9
4	14	8
13	13	10
4	14	1
4	13	2
4	13	1
4	13	4
4	13	3
4	13	6
4	13	5
4	13	8
4	13	7
4	13	9
13	12	10
4	12	1
4	12	3
4	12	2
4	12	5
4	12	4
4	12	7
4	12	6
4	12	9
4	12	8
4	11	2
4	11	1
4	11	4
4	11	3
4	11	6
4	11	5
4	11	8
4	11	7
4	11	9
7	12	11
7	12	12
13	17	10
7	11	20
7	11	14
7	11	15
7	11	13
7	11	18
7	11	19
7	11	16
7	11	17
7	13	12
7	13	13
7	12	20
13	16	10
7	13	11
7	12	15
7	12	16
7	12	13
7	12	14
7	12	19
7	12	17
7	12	18
13	15	10
14	5	1
14	5	2
14	5	3
14	5	4
7	10	20
14	5	9
14	5	5
14	5	6
14	5	7
14	5	8
7	10	19
7	10	13
13	14	10
7	10	14
7	10	12
7	10	17
7	10	18
7	10	15
7	10	16
13	19	10
13	18	10
13	32	3
13	32	4
13	32	5
13	32	6
13	32	7
13	32	8
13	32	9
13	32	1
13	32	2
13	31	2
13	31	3
13	31	4
13	31	5
13	31	6
13	31	7
13	31	8
13	31	9
13	31	1
13	30	1
13	30	2
13	30	3
13	30	4
13	30	5
13	30	6
13	30	7
13	30	8
13	30	9
13	36	7
14	4	1
13	36	8
14	4	2
13	36	9
14	4	3
14	4	8
14	4	9
13	36	1
13	36	2
14	4	4
13	36	3
14	4	5
13	36	4
14	4	6
13	36	5
14	4	7
13	36	6
13	2	5
13	2	4
13	2	3
13	2	2
13	2	1
13	2	9
13	2	8
13	2	7
13	2	6
13	35	6
13	35	7
14	3	1
13	35	8
14	3	2
13	35	9
14	3	7
14	3	8
14	3	9
13	35	1
14	3	3
13	35	2
14	3	4
13	35	3
14	3	5
13	35	4
14	3	6
13	35	5
13	1	4
13	1	3
13	1	2
13	1	1
13	1	8
13	1	7
13	1	6
13	1	5
13	34	5
13	34	6
13	34	7
14	2	1
13	34	8
13	34	9
14	2	6
14	2	7
14	2	8
14	2	9
14	2	2
13	34	1
14	2	3
13	34	2
14	2	4
13	34	3
14	2	5
13	34	4
14	1	9
13	33	4
13	33	5
13	33	6
13	33	7
13	33	8
13	33	9
14	1	5
14	1	6
14	1	7
14	1	8
14	1	1
14	1	2
13	33	1
14	1	3
13	33	2
14	1	4
13	33	3
13	6	1
13	6	9
13	6	8
13	6	7
13	6	6
13	6	5
13	6	4
13	6	3
13	6	2
13	39	2
13	39	3
13	39	4
13	39	5
13	39	6
13	39	7
13	39	8
13	39	9
13	5	8
13	5	7
13	5	6
13	5	5
13	5	4
13	5	3
13	5	2
13	5	1
13	5	9
13	38	9
13	38	1
13	38	2
13	38	3
13	38	4
13	38	5
13	38	6
13	38	7
13	38	8
13	4	7
13	4	6
13	4	5
13	4	4
13	4	3
13	4	2
13	4	1
13	39	1
13	4	9
13	4	8
13	37	8
13	37	9
13	37	1
13	37	2
13	37	3
13	37	4
13	37	5
13	37	6
13	37	7
13	3	6
13	3	5
13	3	4
13	3	3
13	3	2
13	3	1
13	3	9
13	3	8
13	3	7
13	9	4
13	9	3
13	9	2
13	9	1
13	9	9
13	9	8
13	9	7
13	9	6
13	9	5
13	8	3
13	8	2
13	8	1
13	8	9
13	8	8
13	8	7
13	8	6
13	8	5
13	8	4
13	7	2
13	7	1
13	7	9
13	7	8
13	7	7
13	7	6
13	7	5
13	7	4
13	7	3
4	22	2
4	22	1
4	22	4
4	22	3
4	22	6
4	22	5
4	22	8
4	22	7
4	22	9
13	21	10
4	21	1
4	21	3
4	21	2
4	21	5
4	21	4
4	21	7
4	21	6
4	21	9
4	21	8
13	20	10
4	20	2
4	20	1
4	20	4
4	20	3
4	20	6
4	20	5
4	20	8
4	20	7
4	20	9
4	27	1
4	27	3
4	27	2
14	4	11
14	3	21
14	2	31
14	1	41
4	26	4
14	4	12
14	3	22
14	2	32
14	1	42
4	26	3
14	4	13
14	3	23
14	2	33
14	1	43
4	26	6
14	4	14
14	3	24
14	2	34
14	1	44
4	26	5
4	26	8
4	26	7
14	4	10
14	3	20
14	2	30
14	1	40
4	26	9
14	4	19
14	3	29
14	2	39
14	1	49
13	25	10
2	43	42
2	43	41
14	4	15
14	3	25
14	2	35
14	1	45
14	4	16
14	3	26
14	2	36
14	1	46
2	43	47
14	4	17
14	3	27
14	2	37
14	1	47
2	43	46
14	4	18
14	3	28
14	2	38
14	1	48
2	43	45
4	26	2
4	26	1
14	3	10
14	2	20
14	1	30
4	25	3
14	3	11
14	2	21
14	1	31
4	25	2
14	3	12
14	2	22
14	1	32
4	25	5
14	3	13
14	2	23
14	1	33
4	25	4
4	25	7
4	25	6
4	25	9
4	25	8
14	3	18
14	2	28
14	1	38
14	3	19
14	2	29
14	1	39
13	24	10
14	3	14
14	2	24
14	1	34
14	3	15
14	2	25
14	1	35
14	3	16
14	2	26
14	1	36
14	3	17
14	2	27
14	1	37
4	25	1
4	24	2
14	2	10
14	1	20
2	41	49
4	24	1
2	42	39
14	2	11
14	1	21
2	41	48
4	24	4
2	42	38
2	40	58
14	2	12
14	1	22
2	41	47
4	24	3
2	42	37
2	40	57
4	24	6
4	24	5
4	24	8
4	24	7
14	2	17
14	1	27
2	40	52
14	2	18
14	1	28
2	40	51
4	24	9
14	2	19
14	1	29
2	40	50
13	23	10
14	2	13
14	1	23
2	41	46
2	42	36
2	40	56
14	2	14
14	1	24
2	40	55
14	2	15
14	1	25
2	40	54
14	2	16
14	1	26
2	40	53
2	43	40
4	23	1
14	1	10
4	23	3
14	1	11
4	23	2
4	23	5
4	23	4
4	23	7
4	23	6
14	1	16
2	41	53
4	23	9
14	1	17
2	41	52
4	23	8
2	42	42
14	1	18
2	41	51
2	42	41
14	1	19
2	41	50
13	22	10
2	42	40
14	1	12
14	1	13
14	1	14
14	1	15
2	41	54
7	24	12
13	29	10
7	24	13
7	23	20
7	24	11
7	23	15
7	23	16
7	23	13
7	23	14
7	23	19
7	23	17
7	23	18
7	24	20
7	25	13
7	25	14
13	28	10
7	25	11
7	25	12
2	40	49
2	40	48
7	24	16
7	24	17
7	24	14
7	24	15
7	24	18
7	24	19
7	21	20
7	22	11
13	27	10
7	21	19
7	21	13
7	21	14
7	21	11
7	21	12
7	21	17
7	21	18
7	21	15
7	21	16
7	23	11
7	23	12
7	22	20
13	26	10
7	22	14
7	22	15
7	22	12
7	22	13
7	22	18
7	22	19
7	22	16
7	22	17
13	40	1
13	40	2
13	40	3
13	40	4
13	40	5
13	40	6
13	40	7
13	40	8
13	40	9
7	20	20
7	20	18
7	20	19
7	20	12
7	20	13
7	20	11
7	20	16
7	20	17
7	20	14
7	20	15
13	44	4
13	44	5
13	44	6
13	44	7
13	44	8
13	44	9
13	44	1
13	44	2
7	19	20
13	44	3
13	43	3
13	43	4
13	43	5
13	43	6
13	43	7
13	43	1
13	43	2
7	18	13
13	42	2
7	18	14
13	42	3
7	18	11
13	42	4
7	18	12
13	42	5
7	18	17
13	42	6
7	18	18
13	42	7
7	18	15
13	42	8
7	18	16
7	17	20
13	42	1
7	17	18
7	17	19
7	19	14
13	41	1
7	19	15
13	41	2
7	19	12
13	41	3
7	19	13
13	41	4
7	19	18
13	41	5
7	19	19
13	41	6
7	19	16
13	41	7
7	19	17
13	41	8
7	18	20
7	19	11
7	18	19
7	16	11
7	16	12
7	15	20
7	16	15
7	16	16
7	16	13
7	16	14
7	15	18
7	15	19
7	15	16
7	15	17
7	17	12
7	17	13
7	16	20
7	17	11
7	17	16
7	17	17
7	17	14
7	17	15
7	16	19
7	16	17
7	16	18
7	13	20
7	14	13
7	14	14
7	14	11
7	14	12
7	13	16
7	13	17
7	13	14
7	13	15
7	13	18
7	13	19
7	14	20
7	15	11
7	15	14
7	15	15
7	15	12
7	15	13
7	14	17
7	14	18
7	14	15
7	14	16
7	14	19
4	19	2
4	19	1
4	19	4
4	19	3
4	19	6
4	19	5
2	9	45
4	18	7
2	8	55
2	9	46
4	18	6
2	8	56
2	8	53
4	18	9
2	9	44
4	18	8
2	8	54
2	9	49
2	9	47
2	8	57
2	9	48
2	8	58
2	8	51
2	8	52
2	8	50
4	18	1
4	18	3
4	18	2
4	18	5
4	18	4
4	17	6
2	9	56
4	17	5
2	9	57
4	17	8
2	9	54
4	17	7
2	9	55
4	17	9
2	9	58
2	9	52
2	9	53
7	1	9
2	9	50
2	9	51
2	7	49
4	17	2
4	17	1
4	17	4
4	17	3
2	6	53
4	16	5
2	7	44
4	16	4
2	6	54
2	6	51
4	16	7
2	6	52
4	16	6
2	7	47
4	16	9
2	6	57
2	7	48
4	16	8
2	6	58
2	7	45
2	6	55
2	7	46
2	6	56
2	6	50
4	16	1
4	16	3
4	16	2
2	8	44
4	15	4
2	7	54
2	8	45
4	15	3
2	7	55
2	7	52
4	15	6
2	7	53
4	15	5
2	8	48
4	15	8
2	7	58
2	8	49
4	15	7
2	8	46
2	7	56
2	8	47
4	15	9
2	7	57
2	7	50
2	7	51
2	39	54
2	39	53
2	39	52
2	39	51
2	39	58
2	39	57
2	39	56
2	39	55
2	5	49
2	5	47
2	5	48
2	39	50
2	38	60
2	5	41
2	5	42
2	4	50
2	5	40
2	5	45
2	5	46
2	5	43
2	5	44
2	39	49
2	38	59
2	38	58
2	6	48
2	6	49
2	39	60
2	5	50
2	6	46
2	6	47
2	6	44
2	6	45
2	39	59
2	37	52
2	36	62
2	37	51
2	36	61
2	37	50
2	36	60
2	37	56
2	37	55
2	37	54
2	37	53
2	3	47
2	3	48
2	4	38
2	3	45
2	3	46
2	3	49
2	4	39
2	2	50
2	3	40
2	3	43
2	3	44
2	3	41
2	3	42
2	36	59
2	36	58
2	36	57
2	36	56
2	38	53
2	38	52
2	37	62
2	38	51
2	37	61
2	38	50
2	37	60
2	38	57
2	38	56
2	38	55
2	38	54
2	4	48
2	5	38
2	4	49
2	5	39
2	4	46
2	4	47
2	3	50
4	19	8
2	4	40
4	19	7
2	4	41
4	19	9
2	4	44
2	4	45
2	4	42
2	4	43
2	38	49
2	37	59
2	37	58
2	37	57
2	35	50
2	34	60
2	34	64
2	35	54
2	35	53
2	34	63
2	35	52
2	34	62
2	35	51
2	34	61
2	1	45
2	1	46
2	1	43
2	1	44
2	2	39
6	41	9
2	1	47
2	1	48
2	2	38
4	34	1
4	34	3
4	34	2
4	34	5
2	1	41
4	34	4
2	1	42
4	34	7
4	34	6
2	1	40
4	34	9
2	34	57
4	34	8
2	34	56
2	34	55
13	33	10
2	33	64
2	34	54
13	33	11
13	33	12
13	33	13
2	34	59
13	33	14
2	34	58
2	36	51
2	35	61
2	36	50
2	35	60
2	36	55
2	36	54
2	36	53
2	36	52
2	35	62
2	2	46
2	2	47
2	2	44
2	2	45
6	42	9
2	2	48
2	3	38
2	2	49
2	3	39
4	33	2
4	33	1
4	33	4
2	2	42
4	33	3
2	2	43
4	33	6
2	2	40
4	33	5
2	2	41
4	33	8
2	35	58
4	33	7
2	35	57
2	35	56
4	33	9
2	35	55
13	32	10
13	32	11
2	35	59
2	33	52
2	32	62
2	33	51
2	32	61
2	32	60
6	43	8
6	43	9
3	30	23
3	30	22
1	17	9
4	32	1
3	30	25
1	17	8
3	30	24
1	17	7
4	32	3
1	17	6
4	32	2
1	17	5
4	32	5
3	30	21
1	17	4
4	32	4
3	30	20
4	32	7
2	31	65
2	32	55
4	32	6
2	31	64
2	32	54
2	32	53
4	32	9
2	31	63
2	32	52
4	32	8
2	31	62
3	31	17
2	32	59
3	30	27
13	31	10
3	31	16
2	32	58
3	30	26
3	31	19
3	30	29
2	32	57
3	31	18
2	31	66
3	30	28
2	32	56
2	34	53
2	33	63
2	34	52
2	33	62
2	34	51
2	33	61
2	33	60
1	17	3
1	17	2
1	17	1
2	1	38
2	1	39
2	1	37
1	16	9
1	16	8
1	16	7
1	16	6
4	31	2
1	16	5
4	31	1
1	16	4
4	31	4
1	16	3
4	31	3
4	31	6
2	32	66
2	33	56
4	31	5
3	30	19
2	32	65
2	33	55
4	31	8
2	32	64
2	33	54
2	33	53
4	31	7
2	32	63
3	30	16
4	31	9
2	33	59
13	30	10
3	30	18
2	33	58
3	30	17
2	33	57
4	4	3
4	4	4
4	4	5
4	4	6
4	4	7
2	30	60
4	4	8
4	4	9
13	37	10
1	16	2
1	16	1
3	32	30
3	33	20
3	30	50
3	31	40
4	39	2
4	39	1
4	39	4
4	39	3
1	15	9
4	38	5
3	33	15
3	30	45
3	32	25
3	31	35
1	15	8
4	38	4
3	30	44
3	32	24
3	31	34
1	15	7
4	38	7
3	33	17
3	30	47
2	30	59
3	31	37
3	32	27
1	15	6
4	38	6
3	33	16
3	30	46
2	30	58
3	32	26
3	31	36
1	15	5
4	38	9
3	32	21
3	31	31
3	30	41
1	15	4
4	38	8
3	31	30
3	32	20
3	30	40
1	15	3
3	30	43
3	32	23
3	31	33
1	15	2
3	31	32
3	32	22
3	30	42
2	30	53
13	37	11
2	30	52
3	33	19
3	30	49
3	32	29
3	31	39
2	30	57
3	33	18
3	30	48
3	32	28
3	31	38
2	30	56
4	4	1
2	30	55
4	4	2
2	30	54
4	3	2
4	3	3
4	3	4
4	3	5
4	3	6
2	31	61
4	3	7
2	31	60
4	3	8
4	3	9
1	15	1
4	38	1
4	38	3
4	38	2
1	14	8
4	37	4
3	31	24
3	30	34
1	14	7
4	37	3
3	31	23
3	30	33
1	14	6
4	37	6
3	32	16
3	31	26
3	30	36
1	14	5
4	37	5
2	31	59
3	31	25
3	30	35
1	14	4
4	37	8
3	30	30
3	31	20
1	14	3
4	37	7
1	14	2
3	30	32
3	31	22
4	37	9
1	14	1
3	31	21
3	30	31
13	36	10
2	30	64
2	31	54
2	31	53
13	36	11
2	30	63
2	31	52
2	30	62
2	30	61
3	32	18
3	31	28
3	30	38
2	31	58
3	32	17
3	30	37
3	31	27
2	31	57
2	30	66
2	31	56
1	14	9
4	3	1
3	32	19
2	30	65
3	31	29
3	30	39
2	31	55
4	2	1
3	1	15
4	2	2
3	1	16
4	2	3
3	1	17
4	2	4
3	1	18
4	2	5
4	2	6
4	2	7
3	1	13
4	2	8
3	1	14
4	2	9
3	34	30
3	35	20
3	32	50
3	33	40
3	34	32
3	35	22
3	33	42
3	35	21
3	34	31
3	32	51
3	33	41
3	1	19
4	37	2
4	37	1
1	13	7
4	36	3
3	35	17
3	32	47
3	33	37
3	34	27
1	13	6
4	36	2
3	35	16
3	32	46
3	34	26
3	33	36
1	13	5
4	36	5
3	35	19
3	32	49
3	34	29
3	33	39
1	13	4
4	36	4
3	35	18
3	32	48
3	34	28
3	33	38
1	13	3
4	36	7
3	32	43
3	34	23
3	33	33
1	13	2
4	36	6
3	33	32
3	34	22
3	32	42
4	36	9
1	13	1
3	35	15
3	32	45
3	34	25
3	33	35
4	36	8
3	35	14
3	32	44
3	34	24
3	33	34
13	35	10
13	35	11
1	13	9
1	13	8
4	1	1
4	1	2
4	1	3
4	1	4
4	1	5
4	1	6
4	1	7
4	1	8
4	1	9
3	34	21
3	33	31
3	31	51
3	32	41
3	33	30
3	34	20
3	31	50
3	32	40
4	36	1
1	12	6
4	35	2
3	34	16
3	31	46
3	33	26
3	32	36
1	12	5
4	35	1
3	34	15
3	31	45
3	33	25
3	32	35
1	12	4
4	35	4
3	34	18
3	31	48
3	33	28
3	32	38
1	12	3
4	35	3
3	34	17
3	31	47
3	32	37
3	33	27
1	12	2
4	35	6
3	32	32
3	33	22
3	31	42
4	35	5
1	12	1
3	33	21
3	32	31
3	30	51
3	31	41
4	35	8
3	31	44
3	33	24
3	32	34
4	35	7
3	31	43
3	33	23
3	32	33
4	35	9
13	34	10
13	34	11
13	34	12
1	12	9
13	34	13
3	34	19
3	31	49
3	33	29
3	32	39
1	12	8
13	34	14
1	12	7
7	1	15
7	1	16
7	1	13
7	1	14
1	11	5
1	11	4
1	11	3
1	11	2
7	1	11
1	11	1
7	1	12
7	1	10
4	19	11
4	19	10
4	19	13
4	19	12
13	7	10
1	11	9
4	19	15
1	11	8
4	19	14
1	11	7
4	19	17
1	11	6
4	19	16
4	18	17
7	2	16
7	2	17
7	2	14
7	2	15
7	2	18
1	10	4
1	10	3
1	10	2
1	10	1
7	2	12
7	2	13
7	2	10
7	2	11
4	18	10
4	18	12
13	6	10
1	10	9
4	18	11
1	10	8
4	18	14
1	10	7
4	18	13
1	10	6
4	18	16
1	10	5
4	18	15
4	17	17
4	17	16
13	39	10
13	5	10
4	17	11
7	32	22
4	17	10
4	17	13
4	17	12
4	17	15
4	17	14
4	16	16
4	16	15
4	16	17
4	16	10
4	16	12
4	16	11
4	16	14
4	16	13
7	31	20
7	31	18
7	31	19
4	30	1
4	30	3
4	30	2
7	31	12
4	30	5
7	31	13
4	30	4
4	30	7
7	30	20
7	31	11
4	30	6
7	31	16
4	30	9
7	31	17
4	30	8
7	31	14
7	31	15
7	32	20
7	32	21
7	32	19
7	32	13
7	32	14
7	32	12
7	32	17
7	32	18
7	32	15
7	32	16
13	9	10
7	30	19
7	30	17
7	30	18
7	30	11
7	30	12
7	30	15
13	8	10
7	30	16
7	30	13
7	30	14
4	11	11
4	11	10
4	11	13
4	11	12
4	11	15
4	11	14
4	10	10
3	29	50
4	10	12
3	29	52
4	10	11
3	29	51
4	10	14
4	10	13
4	10	15
7	29	20
3	43	9
7	29	19
3	42	9
3	42	8
7	28	12
4	15	15
7	28	13
4	15	14
7	27	20
4	15	17
7	28	11
4	15	16
7	28	16
7	28	17
7	28	14
7	28	15
7	27	19
7	27	17
7	27	18
4	15	11
4	15	10
4	15	13
4	15	12
7	29	13
4	14	14
7	29	14
4	14	13
7	29	11
4	14	16
7	29	12
4	14	15
7	29	17
7	29	18
4	14	17
7	29	15
7	29	16
7	28	20
7	28	18
7	28	19
4	14	10
4	14	12
4	14	11
7	25	20
4	13	13
7	26	11
4	13	12
4	13	15
4	13	14
7	26	14
7	26	15
7	26	12
7	26	13
7	25	17
7	25	18
7	25	15
7	25	16
7	25	19
4	13	11
4	13	10
7	27	11
4	12	12
7	27	12
4	12	11
4	12	14
7	26	20
4	12	13
7	27	15
7	27	16
4	12	15
7	27	13
7	27	14
4	1	0
7	26	18
7	26	19
7	26	16
7	26	17
4	12	10
3	25	21
3	24	31
3	23	41
3	24	30
3	25	20
3	23	40
14	5	50
14	4	60
3	23	43
3	25	23
3	24	33
14	5	51
14	4	61
3	25	22
3	24	32
3	23	42
14	5	45
14	4	55
14	3	65
3	25	18
3	24	28
3	23	38
14	5	46
14	4	56
14	3	66
3	23	37
3	24	27
14	5	47
14	4	57
14	5	48
14	4	58
3	25	19
3	24	29
3	23	39
14	5	41
14	4	51
14	3	61
3	22	44
3	24	24
3	23	34
14	5	42
14	4	52
14	3	62
3	22	43
3	24	23
3	23	33
14	5	43
14	4	53
14	3	63
3	22	46
3	24	26
3	23	36
14	5	44
14	4	54
14	3	64
3	22	45
3	23	35
3	24	25
14	5	49
14	4	59
3	23	30
3	24	20
3	22	40
3	24	22
3	23	32
3	22	42
14	5	40
14	4	50
14	3	60
3	24	21
3	23	31
3	22	41
14	5	34
14	4	44
14	3	54
14	2	64
4	29	7
3	22	37
3	23	27
14	5	35
14	4	45
14	3	55
14	2	65
4	29	6
3	23	26
3	22	36
14	4	46
14	5	36
14	3	56
14	2	66
4	29	9
3	24	19
3	23	29
3	22	39
14	5	37
14	4	47
14	3	57
4	29	8
3	24	18
3	23	28
3	22	38
14	5	30
14	4	40
14	3	50
14	2	60
3	21	43
3	23	23
3	22	33
14	5	31
14	4	41
14	3	51
14	2	61
3	23	22
3	22	32
3	21	42
14	5	32
14	4	42
14	3	52
14	2	62
3	21	45
3	22	35
3	23	25
14	5	33
14	4	43
14	3	53
14	2	63
3	21	44
3	23	24
3	22	34
14	5	38
14	4	48
14	3	58
14	5	39
14	4	49
14	3	59
2	28	65
2	29	55
2	28	64
2	29	54
2	29	53
2	28	63
2	28	62
2	29	59
2	28	68
2	29	58
2	28	67
2	29	57
2	28	66
2	29	56
3	24	53
3	25	43
3	27	23
3	26	33
3	27	22
3	26	32
3	24	52
3	25	42
4	29	1
3	25	45
3	26	35
3	27	25
3	25	44
3	27	24
3	26	34
4	29	3
2	28	61
4	29	2
2	28	60
4	29	5
3	27	21
3	26	31
3	24	51
3	25	41
4	29	4
3	26	30
3	27	20
3	24	50
3	25	40
14	5	23
14	4	33
14	3	43
14	2	53
14	1	63
4	28	6
4	28	5
14	3	44
14	2	54
14	4	34
14	5	24
14	1	64
3	27	19
3	24	49
3	26	29
3	25	39
14	5	25
14	4	35
14	3	45
14	2	55
14	1	65
4	28	8
14	5	26
14	4	36
14	3	46
14	2	56
14	1	66
4	28	7
3	24	46
3	26	26
3	25	36
14	4	30
14	3	40
14	2	50
14	1	60
14	5	20
4	28	9
3	24	45
3	25	35
3	26	25
14	4	31
14	3	41
14	5	21
14	2	51
14	1	61
3	27	18
3	24	48
3	26	28
3	25	38
3	26	27
14	2	52
14	4	32
14	3	42
14	5	22
14	1	62
3	27	17
3	24	47
3	25	37
2	28	59
14	5	27
14	4	37
14	3	47
14	2	57
14	5	28
14	4	38
14	3	48
14	2	58
14	5	29
14	4	39
14	3	49
14	2	59
2	29	66
2	29	65
2	29	64
2	29	63
2	29	68
2	29	67
3	26	22
3	25	32
3	24	42
3	26	21
3	25	31
3	24	41
3	24	44
3	26	24
3	25	34
3	24	43
3	26	23
3	25	33
4	28	2
2	29	62
4	28	1
2	29	61
4	28	4
3	25	30
3	26	20
3	24	40
2	29	60
4	28	3
14	1	52
14	4	22
14	3	32
14	2	42
14	5	12
4	27	5
3	26	19
3	25	29
3	24	39
14	2	43
14	4	23
14	3	33
14	1	53
14	5	13
4	27	4
3	26	18
3	25	28
3	24	38
14	5	14
14	4	24
14	3	34
14	2	44
14	1	54
4	27	7
14	5	15
14	4	25
14	3	35
14	2	45
14	1	55
4	27	6
4	27	9
3	23	45
3	24	35
3	25	25
4	27	8
3	23	44
3	25	24
3	24	34
14	2	40
14	5	10
14	4	20
14	3	30
14	1	50
3	23	47
3	24	37
3	25	27
14	5	11
14	4	21
14	3	31
14	2	41
14	1	51
3	23	46
3	25	26
3	24	36
14	5	16
14	4	26
14	3	36
14	2	46
14	1	56
14	5	17
14	4	27
14	3	37
14	2	47
14	1	57
14	5	18
14	4	28
14	3	38
14	2	48
14	1	58
14	5	19
14	4	29
14	3	39
14	2	49
14	1	59
2	27	53
2	26	63
2	26	62
2	26	61
2	25	70
2	26	60
2	26	67
2	27	57
2	26	66
2	27	56
2	26	65
2	27	55
2	26	64
2	27	54
3	27	45
3	28	35
3	29	25
3	27	44
3	29	24
3	28	34
3	27	47
3	28	37
3	29	27
3	27	46
3	29	26
3	28	36
3	29	21
3	28	31
3	26	51
3	27	41
3	28	30
3	29	20
3	26	50
3	27	40
3	26	53
3	27	43
3	29	23
3	28	33
3	29	22
3	28	32
3	26	52
3	27	42
3	29	18
3	26	48
3	28	28
3	27	38
3	29	17
3	26	47
3	27	37
3	28	27
3	29	19
3	26	49
3	28	29
3	27	39
2	25	69
2	26	59
2	25	68
2	26	58
2	25	67
2	26	57
2	27	64
2	28	54
2	28	53
2	27	63
2	27	62
2	27	61
2	27	68
2	28	58
2	27	67
2	28	57
2	27	66
2	28	56
2	27	65
2	28	55
3	26	44
3	28	24
3	27	34
3	25	53
3	26	43
3	28	23
3	27	33
3	26	46
3	28	26
3	27	36
3	26	45
3	27	35
3	28	25
3	27	30
3	28	20
3	25	50
2	26	70
3	26	40
2	27	60
3	28	22
3	27	32
3	25	52
3	26	42
3	28	21
3	27	31
3	25	51
3	26	41
3	28	17
3	25	47
3	26	37
3	27	27
3	25	46
3	27	26
3	26	36
3	28	19
3	25	49
3	27	29
3	26	39
3	28	18
3	25	48
3	27	28
3	26	38
2	26	69
2	27	59
2	26	68
2	27	58
2	24	61
2	24	60
3	28	51
3	29	41
3	28	50
3	29	40
2	24	65
2	25	55
2	24	64
2	25	54
2	24	63
2	24	62
3	29	47
3	29	46
3	29	49
3	29	48
3	29	43
3	28	52
3	29	42
3	29	45
3	29	44
14	5	63
14	5	64
3	28	49
3	29	39
14	5	65
14	5	66
2	24	58
2	24	57
2	24	56
2	24	55
2	24	59
2	25	62
2	25	61
3	29	30
3	27	50
2	24	70
3	28	40
2	25	60
2	25	66
2	26	56
2	25	65
2	26	55
2	25	64
2	26	54
2	25	63
3	28	46
3	29	36
14	5	60
3	28	45
3	29	35
14	5	61
3	28	48
3	29	38
14	5	62
3	28	47
3	29	37
3	29	32
3	27	52
3	28	42
3	29	31
3	27	51
3	28	41
3	28	44
3	29	34
3	28	43
3	29	33
14	5	56
14	4	66
14	5	57
14	5	58
14	5	59
14	5	52
14	4	62
3	27	49
3	29	29
3	28	39
14	5	53
14	4	63
3	27	48
3	29	28
3	28	38
14	5	54
14	4	64
14	5	55
14	4	65
2	24	69
2	25	59
2	24	68
2	25	58
2	24	67
2	25	57
2	24	66
2	25	56
2	23	53
2	23	52
2	23	51
2	23	50
2	22	60
13	44	26
3	40	22
3	41	12
13	44	27
3	40	21
3	41	11
13	44	28
3	41	14
3	40	24
13	44	29
3	41	13
3	40	23
3	40	20
3	41	10
2	22	56
3	41	19
3	40	29
2	22	55
13	44	20
2	22	54
2	22	53
13	44	21
13	44	22
3	41	16
3	40	26
2	23	49
13	44	23
3	41	15
2	22	59
3	40	25
2	23	48
13	44	24
3	41	18
3	40	28
2	22	58
13	44	25
3	41	17
3	40	27
2	22	57
2	23	60
2	24	54
2	23	62
2	23	61
13	44	15
13	44	16
13	44	17
3	40	13
13	44	18
3	40	12
13	44	19
3	40	19
2	23	57
3	40	18
2	23	56
2	23	55
13	44	10
2	23	54
13	44	11
3	40	15
13	44	12
3	40	14
13	44	13
3	40	17
2	23	59
13	44	14
3	40	16
2	23	58
2	21	51
2	20	61
2	21	50
2	20	60
3	43	14
3	40	44
3	42	24
3	41	34
3	40	43
3	42	23
3	41	33
3	43	16
3	40	46
3	42	26
3	41	36
2	21	49
3	43	15
3	40	45
2	20	59
3	42	25
3	41	35
3	42	20
3	41	30
3	43	10
3	40	40
3	41	32
3	42	22
3	40	42
3	42	21
3	41	31
3	43	11
3	40	41
2	20	54
2	20	53
2	20	52
2	20	51
2	21	48
3	43	18
3	42	28
3	41	38
2	20	58
2	21	47
3	43	17
3	40	47
3	42	27
3	41	37
2	20	57
2	21	46
2	20	56
3	42	29
3	41	39
2	20	55
2	22	52
2	22	51
2	22	50
3	42	13
3	41	23
3	40	33
3	40	32
3	41	22
3	42	12
4	43	1
3	42	15
3	41	25
3	40	35
3	42	14
3	41	24
3	40	34
4	43	3
4	43	2
3	41	21
3	40	31
3	42	11
3	41	20
3	40	30
3	42	10
4	43	7
2	20	65
2	21	55
4	43	6
2	20	64
2	21	54
2	21	53
2	20	63
2	21	52
4	43	8
2	20	62
2	22	49
3	42	17
3	40	37
3	41	27
2	22	48
3	42	16
2	21	58
3	41	26
3	40	36
2	22	47
3	42	19
3	41	29
3	40	39
2	21	57
3	42	18
2	20	66
3	41	28
3	40	38
2	21	56
6	36	70
6	37	60
6	38	50
6	39	40
6	36	71
6	37	61
6	38	51
6	39	41
6	36	72
6	37	62
6	38	52
6	39	42
6	36	73
6	37	63
6	38	53
6	39	43
6	36	74
6	37	64
6	38	54
6	39	44
6	37	65
6	39	45
6	37	66
6	39	46
6	37	67
6	39	47
6	37	68
6	39	48
6	37	69
6	39	49
3	43	38
3	43	37
3	43	32
3	43	31
3	43	34
3	43	33
3	43	39
2	20	50
6	37	70
6	39	50
6	37	71
6	39	51
6	37	72
6	39	52
6	37	73
6	39	53
6	37	74
6	39	54
3	43	30
6	39	55
3	41	45
3	43	25
3	42	35
3	41	44
3	43	24
3	42	34
3	43	26
3	42	31
3	41	41
3	42	30
3	41	40
3	41	43
3	43	23
3	42	33
3	42	32
3	43	22
3	41	42
3	43	29
13	44	40
13	44	37
13	44	38
13	44	39
13	44	30
13	44	31
13	44	32
13	44	33
13	44	34
13	44	35
13	44	36
7	44	50
7	44	51
7	44	54
7	44	55
7	44	52
7	44	53
7	44	48
7	44	49
7	44	61
7	44	62
7	44	60
7	44	65
7	44	66
7	44	63
7	44	64
7	44	58
7	44	59
7	44	56
7	44	57
7	41	60
7	41	61
4	29	10
7	41	55
7	41	56
4	29	12
7	40	63
4	29	11
7	41	54
4	29	14
7	41	59
4	29	13
4	29	16
7	41	57
4	29	15
7	41	58
4	28	16
7	42	60
7	43	50
7	42	63
7	42	64
7	42	61
7	42	62
7	43	46
7	43	47
7	42	57
4	28	11
7	43	44
4	28	10
7	43	45
4	28	13
4	28	12
4	28	15
7	43	48
7	42	58
4	28	14
7	43	49
7	42	59
4	42	2
4	42	1
4	42	4
4	42	3
4	42	6
4	42	5
4	42	7
7	40	61
7	40	62
7	40	60
4	41	1
4	41	3
4	41	2
4	41	5
4	41	4
7	40	55
4	41	7
4	41	6
4	41	9
7	40	58
4	41	8
7	40	59
7	40	56
7	40	57
4	40	2
4	40	1
4	40	4
4	40	3
4	40	6
4	40	5
4	40	8
4	40	7
4	40	9
4	23	12
4	23	11
4	23	14
7	37	85
7	39	65
4	23	13
4	23	15
7	37	80
7	39	60
7	37	83
7	39	63
7	37	84
7	39	64
7	37	81
7	39	61
7	37	82
7	39	62
7	9	15
7	9	16
3	9	30
3	8	40
7	9	13
3	9	31
3	8	41
7	9	14
3	9	32
3	8	42
7	9	19
7	9	17
7	9	18
3	9	37
3	9	38
3	9	39
7	9	11
3	8	43
3	9	33
7	9	12
3	9	34
4	23	10
3	9	35
7	8	20
3	9	36
4	22	11
4	22	10
4	22	13
4	22	12
4	22	14
3	9	20
3	8	30
3	7	40
3	9	21
3	8	31
3	7	41
3	9	26
3	8	36
3	9	27
3	8	37
3	9	28
3	8	38
3	8	39
3	9	29
3	8	32
3	9	22
3	7	42
3	7	43
3	9	23
3	8	33
7	9	20
3	8	34
3	9	24
3	9	25
3	8	35
4	21	10
7	35	85
7	36	75
7	38	55
7	36	76
7	38	56
4	21	12
7	35	83
4	21	11
7	35	84
7	36	79
7	38	59
4	21	13
7	36	77
7	38	57
7	36	78
7	38	58
7	7	19
7	35	81
7	35	82
7	35	80
7	7	13
7	7	14
7	7	11
7	7	12
7	7	17
7	7	18
7	7	15
7	7	16
7	6	20
7	37	76
7	39	56
7	37	77
7	39	57
4	20	11
7	36	84
4	20	10
7	36	85
7	37	75
4	20	13
4	20	12
4	20	15
7	37	78
7	39	58
4	20	14
7	37	79
7	39	59
4	20	17
4	20	16
7	36	82
7	38	62
7	36	83
7	38	63
7	36	80
7	38	60
7	36	81
7	38	61
7	8	14
3	9	40
7	8	15
3	9	41
7	8	12
3	9	42
7	8	13
3	9	43
7	8	18
7	8	19
6	33	15
7	8	16
6	33	16
7	8	17
6	33	17
6	33	18
6	33	19
7	7	20
7	8	11
4	27	16
7	33	83
4	27	15
7	33	84
7	34	74
7	33	81
7	33	82
7	33	87
7	34	77
7	34	78
7	33	85
7	34	75
7	33	86
7	34	76
7	5	19
7	5	17
7	5	18
7	33	80
7	5	11
7	5	12
7	5	15
7	5	16
7	5	13
7	5	14
4	27	10
7	33	78
7	33	79
4	27	12
4	27	11
4	27	14
4	27	13
4	26	15
7	34	84
4	26	14
7	34	85
7	35	75
4	26	17
7	34	82
4	26	16
7	34	83
7	35	78
7	35	79
7	34	86
7	35	76
7	34	87
7	35	77
7	6	18
7	6	19
7	34	80
7	34	81
7	6	12
7	6	13
7	5	20
7	6	11
7	6	16
7	6	17
7	6	14
7	6	15
7	34	79
4	26	11
4	26	10
4	26	13
4	26	12
4	25	14
4	25	13
4	25	16
4	25	15
9	3	2
4	25	17
9	3	1
9	3	4
9	3	3
7	3	17
9	3	6
7	3	18
9	3	5
7	3	15
9	3	8
7	3	16
9	3	7
9	3	9
7	3	10
7	3	13
7	3	14
7	3	11
7	3	12
4	25	10
4	25	12
4	25	11
4	24	13
4	24	12
4	24	15
4	24	14
4	24	17
7	33	76
9	2	1
4	24	16
7	33	77
7	33	74
9	2	3
7	33	75
9	2	2
7	4	18
9	2	5
9	2	4
7	4	16
9	2	7
7	4	17
9	2	6
9	2	9
9	2	8
7	4	10
7	4	11
7	4	14
7	4	15
7	4	12
7	4	13
4	24	11
4	24	10
4	8	7
3	3	17
2	18	66
3	2	27
2	19	56
4	8	8
3	3	18
2	18	65
3	2	28
2	19	55
4	8	9
3	3	19
2	18	64
3	2	29
2	19	54
2	19	53
2	18	63
3	1	33
3	2	23
3	3	14
2	19	59
3	2	24
3	1	34
3	3	15
9	1	2
2	19	58
3	1	35
3	2	25
3	3	16
9	1	1
2	19	57
3	2	26
3	1	36
3	36	32
3	37	22
9	1	4
3	35	42
3	37	21
3	36	31
9	1	3
3	35	41
9	1	6
3	38	14
3	35	44
3	37	24
3	36	34
3	37	23
6	36	30
6	35	40
6	33	60
6	37	20
6	34	50
6	38	10
3	38	13
9	1	5
3	35	43
3	36	33
6	34	51
6	33	61
6	38	11
6	35	41
6	36	31
6	37	21
9	1	8
2	18	62
2	19	52
6	34	52
6	33	62
6	38	12
6	35	42
6	36	32
6	37	22
9	1	7
2	18	61
2	19	51
3	36	30
6	37	23
6	35	43
6	33	63
6	36	33
6	38	13
6	34	53
3	37	20
3	34	50
3	35	40
2	18	60
2	19	50
6	38	14
6	33	64
6	33	0
6	34	54
6	35	44
6	36	34
6	37	24
9	1	9
6	36	35
6	34	0
6	35	45
6	38	15
6	33	65
6	37	25
6	34	55
3	37	19
3	34	49
3	36	29
3	35	39
6	34	0
6	35	46
6	34	56
6	38	16
6	36	36
6	37	26
6	33	66
3	37	18
3	34	48
3	36	28
3	35	38
6	33	67
6	38	17
6	34	57
6	35	47
6	36	37
6	37	27
6	33	68
6	34	58
6	35	48
6	36	38
6	37	28
6	38	18
3	36	25
6	37	29
6	35	49
6	36	39
6	33	69
6	34	59
6	38	19
3	37	15
3	34	45
3	35	35
3	37	14
3	34	44
3	36	24
3	35	34
3	37	17
3	34	47
3	35	37
3	36	27
3	37	16
3	34	46
3	36	26
3	35	36
3	2	20
3	1	30
4	8	1
3	2	21
3	1	31
4	8	2
3	2	22
3	1	32
4	8	3
4	8	4
4	8	5
4	8	6
4	7	6
3	2	16
3	1	26
4	7	7
3	2	17
2	19	66
3	1	27
4	7	8
3	2	18
2	19	65
3	1	28
4	7	9
3	2	19
2	19	64
3	1	29
3	1	22
3	1	23
3	2	14
3	1	24
3	2	15
3	1	25
3	36	21
3	35	31
3	34	41
3	35	30
3	36	20
3	33	50
3	34	40
6	34	60
6	35	50
6	36	40
6	37	30
6	33	70
6	38	20
3	34	43
3	36	23
3	35	33
6	39	11
6	35	51
6	33	71
6	36	41
6	34	61
6	37	31
6	38	21
3	35	32
3	36	22
3	34	42
6	33	72
6	34	62
6	39	12
6	35	52
6	36	42
6	37	32
6	38	22
2	19	63
6	39	13
6	33	73
6	34	63
6	35	53
6	36	43
6	37	33
6	38	23
2	19	62
6	34	64
6	39	14
6	35	54
6	36	44
6	37	34
6	38	24
2	19	61
6	34	65
6	39	15
6	35	55
6	36	45
6	37	35
6	38	25
2	19	60
6	37	36
6	35	56
6	39	16
6	36	46
6	38	26
6	34	66
3	33	48
3	36	18
3	35	28
3	34	38
6	38	27
6	35	57
6	34	67
6	36	47
6	37	37
3	36	17
3	33	47
3	34	37
3	35	27
6	39	17
6	34	68
6	35	58
6	36	48
6	37	38
6	38	28
6	39	18
6	39	19
6	36	49
6	37	39
6	35	59
6	38	29
6	34	69
3	36	19
3	33	49
3	35	29
3	34	39
3	36	14
3	33	44
3	35	24
3	34	34
3	33	43
3	35	23
3	34	33
3	36	16
3	33	46
3	35	26
3	34	36
3	36	15
3	33	45
3	35	25
3	34	35
3	1	20
4	7	1
3	1	21
4	7	2
4	7	3
4	7	4
4	7	5
4	6	5
3	5	19
2	16	64
3	4	29
2	17	54
2	17	53
4	6	6
2	16	63
2	17	52
4	6	7
2	16	62
2	17	51
4	6	8
2	16	61
4	6	9
3	5	15
2	17	58
3	4	25
3	3	35
3	5	16
2	17	57
3	4	26
3	3	36
3	5	17
2	16	66
3	3	37
3	4	27
2	17	56
3	5	18
2	16	65
3	4	28
2	17	55
3	37	44
3	39	24
3	38	34
6	39	20
6	35	60
6	36	50
6	37	40
6	38	30
6	34	70
3	37	43
3	39	23
3	38	33
6	37	41
6	35	61
6	36	51
6	38	31
6	34	71
6	39	21
3	37	46
3	39	26
3	38	36
6	37	42
6	35	62
6	36	52
6	34	72
6	38	32
6	39	22
3	37	45
3	39	25
3	38	35
6	38	33
6	36	53
6	37	43
6	35	63
6	39	23
3	38	30
3	39	20
6	34	73
3	37	40
2	16	60
2	17	50
6	35	64
6	36	54
6	37	44
6	38	34
6	39	24
6	36	55
6	35	65
6	37	45
6	38	35
6	39	25
3	38	32
3	39	22
3	37	42
6	36	56
6	35	66
6	37	46
6	38	36
6	39	26
3	39	21
3	38	31
3	37	41
6	35	67
6	36	57
6	37	47
6	38	37
6	39	27
6	35	68
6	36	58
6	37	48
6	38	38
6	39	28
6	35	69
6	36	59
6	37	49
6	38	39
6	39	29
3	39	17
3	36	47
3	37	37
3	38	27
3	39	16
3	36	46
3	38	26
3	37	36
3	39	19
3	36	49
3	38	29
3	37	39
3	39	18
3	36	48
3	38	28
3	37	38
3	4	21
3	3	31
3	4	22
3	3	32
2	16	59
3	4	23
3	3	33
3	5	14
2	16	58
3	4	24
3	3	34
4	6	1
4	6	2
4	6	3
4	6	4
3	3	30
3	4	20
4	5	4
3	4	18
2	17	65
3	3	28
2	18	55
4	5	5
3	4	19
2	17	64
3	3	29
2	18	54
2	18	53
4	5	6
2	17	63
2	18	52
4	5	7
2	17	62
4	5	8
3	4	14
2	18	59
3	3	24
3	2	34
4	5	9
3	4	15
2	18	58
3	3	25
3	2	35
3	4	16
3	3	26
2	18	57
3	2	36
3	4	17
2	17	66
3	3	27
3	2	37
2	18	56
6	37	50
6	36	60
6	38	40
6	39	30
6	35	70
3	39	13
3	36	43
3	38	23
3	37	33
6	39	31
6	35	71
6	36	61
6	37	51
6	38	41
3	37	32
3	38	22
3	36	42
6	38	42
6	36	62
6	37	52
6	35	72
6	39	32
3	39	15
3	36	45
3	38	25
3	37	35
6	36	63
6	37	53
6	38	43
6	39	33
6	35	73
3	39	14
3	36	44
3	38	24
3	37	34
2	18	51
6	35	74
6	36	64
6	37	54
6	38	44
6	39	34
2	17	61
2	18	50
6	36	65
6	37	55
6	38	45
6	39	35
2	17	60
6	36	66
6	37	56
6	38	46
6	39	36
3	38	21
3	37	31
3	36	41
6	36	67
6	37	57
6	38	47
6	39	37
3	37	30
3	38	20
3	36	40
6	36	68
6	37	58
6	38	48
6	39	38
4	39	6
3	38	19
6	37	59
6	36	69
6	38	49
6	39	39
4	39	5
3	35	49
3	37	29
3	36	39
4	39	8
4	39	7
3	38	16
3	35	46
3	37	26
3	36	36
4	39	9
3	38	15
3	35	45
3	37	25
3	36	35
3	38	18
3	35	48
3	37	28
3	36	38
3	38	17
3	35	47
3	36	37
3	37	27
3	2	30
3	3	20
3	3	21
3	2	31
3	3	22
3	2	32
2	17	59
3	3	23
3	2	33
4	5	1
4	5	2
4	5	3
2	15	52
2	14	62
2	15	51
2	14	61
2	15	50
3	39	40
2	14	60
3	7	17
2	14	66
3	6	27
3	5	37
2	15	56
3	7	18
2	14	65
3	6	28
2	15	55
3	7	19
2	14	64
3	6	29
2	15	54
2	15	53
2	14	63
3	39	46
3	39	45
3	39	48
3	39	47
3	39	42
3	39	41
3	39	44
6	33	20
3	39	43
6	33	21
6	33	22
6	33	23
6	33	24
6	34	15
6	33	25
3	39	39
6	34	16
6	33	26
3	38	48
3	39	38
6	34	17
6	33	27
6	33	28
6	34	18
6	33	29
6	34	19
2	14	59
3	6	23
3	5	33
2	14	58
3	5	34
3	6	24
2	14	57
3	6	25
3	5	35
3	7	16
3	6	26
3	5	36
2	14	56
3	6	20
3	5	30
3	6	21
3	5	31
3	5	32
3	6	22
2	16	53
2	15	63
2	16	52
2	15	62
2	16	51
2	15	61
2	16	50
2	15	60
3	6	16
2	16	57
3	5	26
3	4	36
3	6	17
2	15	66
3	5	27
3	4	37
2	16	56
4	42	0
3	6	18
2	15	65
3	5	28
2	16	55
4	42	0
3	6	19
2	15	64
3	5	29
2	16	54
3	38	45
3	39	35
3	38	44
3	39	34
3	38	47
3	39	37
3	38	46
3	39	36
3	39	31
3	38	41
3	39	30
3	38	40
6	33	30
6	34	20
3	38	43
3	39	33
6	33	31
6	34	21
3	39	32
3	38	42
6	35	12
6	33	32
6	34	22
6	35	13
6	33	33
6	34	23
6	35	14
6	33	34
6	34	24
6	35	15
6	33	35
6	34	25
6	35	16
6	33	36
6	34	26
3	37	48
3	39	28
3	38	38
6	35	17
6	33	37
6	34	27
3	37	47
3	38	37
3	39	27
6	33	38
6	34	28
6	35	18
6	33	39
6	34	29
6	35	19
3	37	49
3	39	29
3	38	39
3	4	32
3	5	22
2	15	59
3	5	23
3	4	33
2	15	58
3	5	24
3	4	34
2	15	57
3	5	25
3	4	35
3	5	20
3	4	30
3	5	21
3	4	31
2	13	50
4	41	0
3	9	19
3	7	39
3	8	29
2	13	54
2	13	53
2	13	52
2	13	51
4	41	0
6	33	0
6	33	0
6	33	40
6	34	30
6	35	20
6	33	41
6	34	31
6	35	21
6	36	12
6	33	42
6	34	32
6	35	22
6	36	13
6	33	43
6	34	33
6	35	23
6	36	14
6	33	44
6	34	34
6	35	24
6	36	15
6	33	45
6	34	35
6	35	25
6	36	16
6	33	46
6	34	36
6	35	26
3	8	20
3	7	30
3	6	40
6	36	17
6	33	47
6	34	37
6	35	27
6	33	48
6	34	38
6	35	28
6	36	18
6	33	49
6	34	39
6	35	29
6	36	19
2	13	47
2	12	57
3	8	25
3	7	35
2	13	46
3	9	16
3	8	26
3	7	36
2	12	56
2	13	45
3	9	17
3	8	27
3	7	37
2	12	55
3	9	18
2	13	44
3	8	28
3	7	38
2	12	54
3	8	21
3	7	31
3	6	41
3	7	32
3	8	22
3	6	42
2	13	49
3	6	43
3	8	23
3	7	33
2	13	48
2	12	58
3	7	34
3	8	24
2	14	51
4	9	8
2	14	50
4	9	9
3	8	18
3	7	28
3	6	38
2	14	55
3	8	19
3	6	39
3	7	29
2	14	54
2	14	53
2	14	52
6	33	50
6	34	40
6	35	30
6	36	20
6	34	0
6	33	51
6	34	41
6	35	31
6	36	21
6	37	12
6	34	0
6	33	52
6	34	42
6	35	32
6	36	22
6	37	13
6	33	53
6	34	43
6	35	33
6	36	23
6	37	14
6	33	0
6	33	54
6	34	44
6	35	34
6	36	24
6	37	15
6	33	55
6	34	45
6	35	35
6	36	25
6	37	16
6	33	56
6	34	46
6	35	36
6	36	26
6	37	17
6	33	57
6	34	47
6	35	37
6	36	27
6	33	58
6	34	48
6	35	38
6	36	28
6	37	18
6	33	59
6	34	49
6	35	39
6	36	29
6	37	19
2	13	58
3	6	34
3	7	24
4	9	1
2	13	57
3	7	25
3	6	35
4	9	2
3	8	16
3	7	26
3	6	36
2	13	56
4	9	3
3	8	17
3	7	27
3	6	37
2	13	55
4	9	4
3	7	20
3	6	30
4	9	5
3	7	21
3	6	31
4	9	6
3	6	32
3	7	22
4	9	7
3	7	23
3	6	33
